camera_name: azure_kinect
image_width: 1280
image_height: 720

camera_matrix:
  fx: 897.43423
  fy: 907.31646
  cx: 1048.95001
  cy: 765.7388