image_width: 2048
image_height: 1536
camera_name: narrow_stereo
camera_matrix:
  rows: 3
  cols: 3
  data: [ 897.43423,    0.     , 1048.95001,
            0.     ,  907.31646,  765.7388 ,
            0.     ,    0.     ,    1.     ]
distortion_model: plumb_bob
distortion_coefficients:
  rows: 1
  cols: 5
  data: [0.017184, -0.019966, -0.000088, 0.002199, 0.000000]
rectification_matrix:
  rows: 3
  cols: 3
  data: [1., 0., 0.,
         0., 1., 0.,
         0., 0., 1.]
projection_matrix:
  rows: 3
  cols: 4
  data: [ 885.1936 ,    0.     , 1060.48659,    0.     ,
            0.     ,  909.51002,  765.52389,    0.     ,
            0.     ,    0.     ,    1.     ,    0.     ]
